1.00000 0.00000
0.99803 0.06279
0.99211 0.12533
0.98229 0.18738
0.96858 0.24869
0.95106 0.30902
0.92978 0.36812
0.90483 0.42578
0.87631 0.48175
0.84433 0.53583
0.80902 0.58779
0.77051 0.63742
0.72897 0.68455
0.68455 0.72897
0.63742 0.77051
0.58779 0.80902
0.53583 0.84433
0.48175 0.87631
0.42578 0.90483
0.36812 0.92978
0.30902 0.95106
0.24869 0.96858
0.18738 0.98229
0.12533 0.99211
0.06279 0.99803
0.00000 1.00000
-0.06279 0.99803
-0.12533 0.99211
-0.18738 0.98229
-0.24869 0.96858
-0.30902 0.95106
-0.36812 0.92978
-0.42578 0.90483
-0.48175 0.87631
-0.53583 0.84433
-0.58779 0.80902
-0.63742 0.77051
-0.68455 0.72897
-0.72897 0.68455
-0.77051 0.63742
-0.80902 0.58779
-0.84433 0.53583
-0.87631 0.48175
-0.90483 0.42578
-0.92978 0.36812
-0.95106 0.30902
-0.96858 0.24869
-0.98229 0.18738
-0.99211 0.12533
-0.99803 0.06279
-1.00000 0.00000
-0.99803 -0.06279
-0.99211 -0.12533
-0.98229 -0.18738
-0.96858 -0.24869
-0.95106 -0.30902
-0.92978 -0.36812
-0.90483 -0.42578
-0.87631 -0.48175
-0.84433 -0.53583
-0.80902 -0.58779
-0.77051 -0.63742
-0.72897 -0.68455
-0.68455 -0.72897
-0.63742 -0.77051
-0.58779 -0.80902
-0.53583 -0.84433
-0.48175 -0.87631
-0.42578 -0.90483
-0.36812 -0.92978
-0.30902 -0.95106
-0.24869 -0.96858
-0.18738 -0.98229
-0.12533 -0.99211
-0.06279 -0.99803
0.00000 -1.00000
0.06279 -0.99803
0.12533 -0.99211
0.18738 -0.98229
0.24869 -0.96858
0.30902 -0.95106
0.36812 -0.92978
0.42578 -0.90483
0.48175 -0.87631
0.53583 -0.84433
0.58779 -0.80902
0.63742 -0.77051
0.68455 -0.72897
0.72897 -0.68455
0.77051 -0.63742
0.80902 -0.58779
0.84433 -0.53583
0.87631 -0.48175
0.90483 -0.42578
0.92978 -0.36812
0.95106 -0.30902
0.96858 -0.24869
0.98229 -0.18738
0.99211 -0.12533
0.99803 -0.06279
