# mean: -0.00270 sd: 0.99866 min: -4.02463 max: 4.31474
# histogram: nData=100000 binsize(0)=0.1000 growth=1.000
1 -3.97463e+00 1.00000e-05 1.00000e-04 0.00000e+00
2 -3.87463e+00 1.00000e-05 1.00000e-04 0.00000e+00
3 -3.77463e+00 0.00000e+00 0.00000e+00 0.00000e+00
4 -3.67463e+00 4.00000e-05 4.00000e-04 0.00000e+00
5 -3.57463e+00 8.00000e-05 8.00000e-04 0.00000e+00
6 -3.47463e+00 7.00000e-05 7.00000e-04 0.00000e+00
7 -3.37463e+00 1.20000e-04 1.20000e-03 0.00000e+00
8 -3.27463e+00 4.00000e-05 4.00000e-04 0.00000e+00
9 -3.17463e+00 1.80000e-04 1.80000e-03 0.00000e+00
10 -3.07463e+00 3.30000e-04 3.30000e-03 0.00000e+00
11 -2.97463e+00 4.40000e-04 4.40000e-03 0.00000e+00
12 -2.87463e+00 5.00000e-04 5.00000e-03 0.00000e+00
13 -2.77463e+00 9.20000e-04 9.20000e-03 0.00000e+00
14 -2.67463e+00 8.90000e-04 8.90000e-03 0.00000e+00
15 -2.57463e+00 1.55000e-03 1.55000e-02 0.00000e+00
16 -2.47463e+00 1.73000e-03 1.73000e-02 0.00000e+00
17 -2.37463e+00 2.24000e-03 2.24000e-02 0.00000e+00
18 -2.27463e+00 3.04000e-03 3.04000e-02 0.00000e+00
19 -2.17463e+00 3.63000e-03 3.63000e-02 0.00000e+00
20 -2.07463e+00 4.42000e-03 4.42000e-02 0.00000e+00
21 -1.97463e+00 6.33000e-03 6.33000e-02 0.00000e+00
22 -1.87463e+00 6.84000e-03 6.84000e-02 0.00000e+00
23 -1.77463e+00 8.11000e-03 8.11000e-02 0.00000e+00
24 -1.67463e+00 1.00700e-02 1.00700e-01 0.00000e+00
25 -1.57463e+00 1.26800e-02 1.26800e-01 0.00000e+00
26 -1.47463e+00 1.40100e-02 1.40100e-01 0.00000e+00
27 -1.37463e+00 1.58700e-02 1.58700e-01 0.00000e+00
28 -1.27463e+00 1.90800e-02 1.90800e-01 0.00000e+00
29 -1.17463e+00 2.05600e-02 2.05600e-01 0.00000e+00
30 -1.07463e+00 2.26800e-02 2.26800e-01 0.00000e+00
31 -9.74630e-01 2.44400e-02 2.44400e-01 0.00000e+00
32 -8.74630e-01 2.68300e-02 2.68300e-01 0.00000e+00
33 -7.74630e-01 2.96100e-02 2.96100e-01 0.00000e+00
34 -6.74630e-01 3.20100e-02 3.20100e-01 0.00000e+00
35 -5.74630e-01 3.39200e-02 3.39200e-01 0.00000e+00
36 -4.74630e-01 3.62500e-02 3.62500e-01 0.00000e+00
37 -3.74630e-01 3.71500e-02 3.71500e-01 0.00000e+00
38 -2.74630e-01 3.68700e-02 3.68700e-01 0.00000e+00
39 -1.74630e-01 3.91500e-02 3.91500e-01 0.00000e+00
40 -7.46300e-02 3.88000e-02 3.88000e-01 0.00000e+00
41 2.53700e-02 3.90900e-02 3.90900e-01 0.00000e+00
42 1.25370e-01 3.89000e-02 3.89000e-01 0.00000e+00
43 2.25370e-01 3.82500e-02 3.82500e-01 0.00000e+00
44 3.25370e-01 3.78400e-02 3.78400e-01 0.00000e+00
45 4.25370e-01 3.52400e-02 3.52400e-01 0.00000e+00
46 5.25370e-01 3.48300e-02 3.48300e-01 0.00000e+00
47 6.25370e-01 3.28500e-02 3.28500e-01 0.00000e+00
48 7.25370e-01 2.98800e-02 2.98800e-01 0.00000e+00
49 8.25370e-01 2.80000e-02 2.80000e-01 0.00000e+00
50 9.25370e-01 2.68700e-02 2.68700e-01 0.00000e+00
51 1.02537e+00 2.43500e-02 2.43500e-01 0.00000e+00
52 1.12537e+00 2.13400e-02 2.13400e-01 0.00000e+00
53 1.22537e+00 1.87200e-02 1.87200e-01 0.00000e+00
54 1.32537e+00 1.72300e-02 1.72300e-01 0.00000e+00
55 1.42537e+00 1.50400e-02 1.50400e-01 0.00000e+00
56 1.52537e+00 1.26600e-02 1.26600e-01 0.00000e+00
57 1.62537e+00 1.13300e-02 1.13300e-01 0.00000e+00
58 1.72537e+00 9.28000e-03 9.28000e-02 0.00000e+00
59 1.82537e+00 7.91000e-03 7.91000e-02 0.00000e+00
60 1.92537e+00 6.23000e-03 6.23000e-02 0.00000e+00
61 2.02537e+00 5.12000e-03 5.12000e-02 0.00000e+00
62 2.12537e+00 3.79000e-03 3.79000e-02 0.00000e+00
63 2.22537e+00 3.32000e-03 3.32000e-02 0.00000e+00
64 2.32537e+00 2.56000e-03 2.56000e-02 0.00000e+00
65 2.42537e+00 2.07000e-03 2.07000e-02 0.00000e+00
66 2.52537e+00 1.43000e-03 1.43000e-02 0.00000e+00
67 2.62537e+00 1.29000e-03 1.29000e-02 0.00000e+00
68 2.72537e+00 7.90000e-04 7.90000e-03 0.00000e+00
69 2.82537e+00 7.30000e-04 7.30000e-03 0.00000e+00
70 2.92537e+00 4.40000e-04 4.40000e-03 0.00000e+00
71 3.02537e+00 3.90000e-04 3.90000e-03 0.00000e+00
72 3.12537e+00 2.10000e-04 2.10000e-03 0.00000e+00
73 3.22537e+00 1.50000e-04 1.50000e-03 0.00000e+00
74 3.32537e+00 1.80000e-04 1.80000e-03 0.00000e+00
75 3.42537e+00 5.00000e-05 5.00000e-04 0.00000e+00
76 3.52537e+00 6.00000e-05 6.00000e-04 0.00000e+00
77 3.62537e+00 2.00000e-05 2.00000e-04 0.00000e+00
78 3.72537e+00 1.00000e-05 1.00000e-04 0.00000e+00
79 3.82537e+00 0.00000e+00 0.00000e+00 0.00000e+00
80 3.92537e+00 1.00000e-05 1.00000e-04 0.00000e+00
81 4.02537e+00 2.00000e-05 2.00000e-04 0.00000e+00
82 4.12537e+00 0.00000e+00 0.00000e+00 0.00000e+00
83 4.22537e+00 0.00000e+00 0.00000e+00 0.00000e+00
