# mean: 0.00002 sd: 0.01821 min: -0.08337 max: 0.07445
# histogram: nData=100001 binsize(0)=0.0010 growth=1.000
1 -8.28700e-02 0.00000e+00 0.00000e+00 0.00000e+00
2 -8.18700e-02 0.00000e+00 0.00000e+00 0.00000e+00
3 -8.08700e-02 0.00000e+00 0.00000e+00 0.00000e+00
4 -7.98700e-02 9.99990e-06 9.99990e-03 0.00000e+00
5 -7.88700e-02 0.00000e+00 0.00000e+00 0.00000e+00
6 -7.78700e-02 0.00000e+00 0.00000e+00 0.00000e+00
7 -7.68700e-02 0.00000e+00 0.00000e+00 0.00000e+00
8 -7.58700e-02 0.00000e+00 0.00000e+00 0.00000e+00
9 -7.48700e-02 1.99998e-05 1.99998e-02 0.00000e+00
10 -7.38700e-02 9.99990e-06 9.99990e-03 0.00000e+00
11 -7.28700e-02 0.00000e+00 0.00000e+00 0.00000e+00
12 -7.18700e-02 0.00000e+00 0.00000e+00 0.00000e+00
13 -7.08700e-02 0.00000e+00 0.00000e+00 0.00000e+00
14 -6.98700e-02 2.99997e-05 2.99997e-02 0.00000e+00
15 -6.88700e-02 1.99998e-05 1.99998e-02 0.00000e+00
16 -6.78700e-02 1.99998e-05 1.99998e-02 0.00000e+00
17 -6.68700e-02 9.99990e-06 9.99990e-03 0.00000e+00
18 -6.58700e-02 2.99997e-05 2.99997e-02 0.00000e+00
19 -6.48700e-02 3.99996e-05 3.99996e-02 0.00000e+00
20 -6.38700e-02 6.99993e-05 6.99993e-02 0.00000e+00
21 -6.28700e-02 3.99996e-05 3.99996e-02 0.00000e+00
22 -6.18700e-02 8.99991e-05 8.99991e-02 0.00000e+00
23 -6.08700e-02 5.99994e-05 5.99994e-02 0.00000e+00
24 -5.98700e-02 8.99991e-05 8.99991e-02 0.00000e+00
25 -5.88700e-02 7.99992e-05 7.99992e-02 0.00000e+00
26 -5.78700e-02 1.29999e-04 1.29999e-01 0.00000e+00
27 -5.68700e-02 1.79998e-04 1.79998e-01 0.00000e+00
28 -5.58700e-02 1.89998e-04 1.89998e-01 0.00000e+00
29 -5.48700e-02 2.69997e-04 2.69997e-01 0.00000e+00
30 -5.38700e-02 4.09996e-04 4.09996e-01 0.00000e+00
31 -5.28700e-02 2.99997e-04 2.99997e-01 0.00000e+00
32 -5.18700e-02 4.99995e-04 4.99995e-01 0.00000e+00
33 -5.08700e-02 3.69996e-04 3.69996e-01 0.00000e+00
34 -4.98700e-02 5.49995e-04 5.49995e-01 0.00000e+00
35 -4.88700e-02 4.89995e-04 4.89995e-01 0.00000e+00
36 -4.78700e-02 6.49994e-04 6.49994e-01 0.00000e+00
37 -4.68700e-02 6.59993e-04 6.59993e-01 0.00000e+00
38 -4.58700e-02 9.49991e-04 9.49991e-01 0.00000e+00
39 -4.48700e-02 1.05999e-03 1.05999e+00 0.00000e+00
40 -4.38700e-02 1.08999e-03 1.08999e+00 0.00000e+00
41 -4.28700e-02 1.32999e-03 1.32999e+00 0.00000e+00
42 -4.18700e-02 1.72998e-03 1.72998e+00 0.00000e+00
43 -4.08700e-02 1.71998e-03 1.71998e+00 0.00000e+00
44 -3.98700e-02 2.14998e-03 2.14998e+00 0.00000e+00
45 -3.88700e-02 2.33998e-03 2.33998e+00 0.00000e+00
46 -3.78700e-02 2.18998e-03 2.18998e+00 0.00000e+00
47 -3.68700e-02 2.64997e-03 2.64997e+00 0.00000e+00
48 -3.58700e-02 3.21997e-03 3.21997e+00 0.00000e+00
49 -3.48700e-02 3.61996e-03 3.61996e+00 0.00000e+00
50 -3.38700e-02 4.03996e-03 4.03996e+00 0.00000e+00
51 -3.28700e-02 4.55995e-03 4.55995e+00 0.00000e+00
52 -3.18700e-02 4.77995e-03 4.77995e+00 0.00000e+00
53 -3.08700e-02 5.29995e-03 5.29995e+00 0.00000e+00
54 -2.98700e-02 5.93994e-03 5.93994e+00 0.00000e+00
55 -2.88700e-02 6.08994e-03 6.08994e+00 0.00000e+00
56 -2.78700e-02 6.69993e-03 6.69993e+00 0.00000e+00
57 -2.68700e-02 6.96993e-03 6.96993e+00 0.00000e+00
58 -2.58700e-02 8.34992e-03 8.34992e+00 0.00000e+00
59 -2.48700e-02 8.56991e-03 8.56991e+00 0.00000e+00
60 -2.38700e-02 9.18991e-03 9.18991e+00 0.00000e+00
61 -2.28700e-02 9.91990e-03 9.91990e+00 0.00000e+00
62 -2.18700e-02 1.06299e-02 1.06299e+01 0.00000e+00
63 -2.08700e-02 1.13099e-02 1.13099e+01 0.00000e+00
64 -1.98700e-02 1.19899e-02 1.19899e+01 0.00000e+00
65 -1.88700e-02 1.27899e-02 1.27899e+01 0.00000e+00
66 -1.78700e-02 1.35399e-02 1.35399e+01 0.00000e+00
67 -1.68700e-02 1.39799e-02 1.39799e+01 0.00000e+00
68 -1.58700e-02 1.50298e-02 1.50298e+01 0.00000e+00
69 -1.48700e-02 1.58398e-02 1.58398e+01 0.00000e+00
70 -1.38700e-02 1.66798e-02 1.66798e+01 0.00000e+00
71 -1.28700e-02 1.71198e-02 1.71198e+01 0.00000e+00
72 -1.18700e-02 1.74598e-02 1.74598e+01 0.00000e+00
73 -1.08700e-02 1.86998e-02 1.86998e+01 0.00000e+00
74 -9.87000e-03 1.80898e-02 1.80898e+01 0.00000e+00
75 -8.87000e-03 1.98298e-02 1.98298e+01 0.00000e+00
76 -7.87000e-03 1.91498e-02 1.91498e+01 0.00000e+00
77 -6.87000e-03 2.03498e-02 2.03498e+01 0.00000e+00
78 -5.87000e-03 2.11798e-02 2.11798e+01 0.00000e+00
79 -4.87000e-03 2.13798e-02 2.13798e+01 0.00000e+00
80 -3.87000e-03 2.15898e-02 2.15898e+01 0.00000e+00
81 -2.87000e-03 2.16698e-02 2.16698e+01 0.00000e+00
82 -1.87000e-03 2.13598e-02 2.13598e+01 0.00000e+00
83 -8.70000e-04 2.23098e-02 2.23098e+01 0.00000e+00
84 1.30000e-04 2.13398e-02 2.13398e+01 0.00000e+00
85 1.13000e-03 2.13598e-02 2.13598e+01 0.00000e+00
86 2.13000e-03 2.25098e-02 2.25098e+01 0.00000e+00
87 3.13000e-03 2.18998e-02 2.18998e+01 0.00000e+00
88 4.13000e-03 2.14898e-02 2.14898e+01 0.00000e+00
89 5.13000e-03 2.03698e-02 2.03698e+01 0.00000e+00
90 6.13000e-03 2.03498e-02 2.03498e+01 0.00000e+00
91 7.13000e-03 2.05998e-02 2.05998e+01 0.00000e+00
92 8.13000e-03 1.86398e-02 1.86398e+01 0.00000e+00
93 9.13000e-03 1.88798e-02 1.88798e+01 0.00000e+00
94 1.01300e-02 1.93498e-02 1.93498e+01 0.00000e+00
95 1.11300e-02 1.84198e-02 1.84198e+01 0.00000e+00
96 1.21300e-02 1.70698e-02 1.70698e+01 0.00000e+00
97 1.31300e-02 1.68898e-02 1.68898e+01 0.00000e+00
98 1.41300e-02 1.67798e-02 1.67798e+01 0.00000e+00
99 1.51300e-02 1.57098e-02 1.57098e+01 0.00000e+00
100 1.61300e-02 1.51898e-02 1.51898e+01 0.00000e+00
101 1.71300e-02 1.38699e-02 1.38699e+01 0.00000e+00
102 1.81300e-02 1.32899e-02 1.32899e+01 0.00000e+00
103 1.91300e-02 1.27799e-02 1.27799e+01 0.00000e+00
104 2.01300e-02 1.21599e-02 1.21599e+01 0.00000e+00
105 2.11300e-02 1.13299e-02 1.13299e+01 0.00000e+00
106 2.21300e-02 1.05499e-02 1.05499e+01 0.00000e+00
107 2.31300e-02 9.88990e-03 9.88990e+00 0.00000e+00
108 2.41300e-02 9.34991e-03 9.34991e+00 0.00000e+00
109 2.51300e-02 8.64991e-03 8.64991e+00 0.00000e+00
110 2.61300e-02 8.16992e-03 8.16992e+00 0.00000e+00
111 2.71300e-02 7.12993e-03 7.12993e+00 0.00000e+00
112 2.81300e-02 6.98993e-03 6.98993e+00 0.00000e+00
113 2.91300e-02 6.19994e-03 6.19994e+00 0.00000e+00
114 3.01300e-02 5.21995e-03 5.21995e+00 0.00000e+00
115 3.11300e-02 4.77995e-03 4.77995e+00 0.00000e+00
116 3.21300e-02 4.78995e-03 4.78995e+00 0.00000e+00
117 3.31300e-02 4.21996e-03 4.21996e+00 0.00000e+00
118 3.41300e-02 3.71996e-03 3.71996e+00 0.00000e+00
119 3.51300e-02 3.67996e-03 3.67996e+00 0.00000e+00
120 3.61300e-02 3.10997e-03 3.10997e+00 0.00000e+00
121 3.71300e-02 2.73997e-03 2.73997e+00 0.00000e+00
122 3.81300e-02 2.34998e-03 2.34998e+00 0.00000e+00
123 3.91300e-02 2.02998e-03 2.02998e+00 0.00000e+00
124 4.01300e-02 1.89998e-03 1.89998e+00 0.00000e+00
125 4.11300e-02 1.57998e-03 1.57998e+00 0.00000e+00
126 4.21300e-02 1.42999e-03 1.42999e+00 0.00000e+00
127 4.31300e-02 1.34999e-03 1.34999e+00 0.00000e+00
128 4.41300e-02 1.20999e-03 1.20999e+00 0.00000e+00
129 4.51300e-02 9.49991e-04 9.49991e-01 0.00000e+00
130 4.61300e-02 8.29992e-04 8.29992e-01 0.00000e+00
131 4.71300e-02 7.89992e-04 7.89992e-01 0.00000e+00
132 4.81300e-02 6.89993e-04 6.89993e-01 0.00000e+00
133 4.91300e-02 5.49995e-04 5.49995e-01 0.00000e+00
134 5.01300e-02 4.79995e-04 4.79995e-01 0.00000e+00
135 5.11300e-02 3.99996e-04 3.99996e-01 0.00000e+00
136 5.21300e-02 2.99997e-04 2.99997e-01 0.00000e+00
137 5.31300e-02 3.29997e-04 3.29997e-01 0.00000e+00
138 5.41300e-02 1.89998e-04 1.89998e-01 0.00000e+00
139 5.51300e-02 2.69997e-04 2.69997e-01 0.00000e+00
140 5.61300e-02 2.09998e-04 2.09998e-01 0.00000e+00
141 5.71300e-02 1.39999e-04 1.39999e-01 0.00000e+00
142 5.81300e-02 2.09998e-04 2.09998e-01 0.00000e+00
143 5.91300e-02 9.99990e-05 9.99990e-02 0.00000e+00
144 6.01300e-02 4.99995e-05 4.99995e-02 0.00000e+00
145 6.11300e-02 7.99992e-05 7.99992e-02 0.00000e+00
146 6.21300e-02 8.99991e-05 8.99991e-02 0.00000e+00
147 6.31300e-02 5.99994e-05 5.99994e-02 0.00000e+00
148 6.41300e-02 3.99996e-05 3.99996e-02 0.00000e+00
149 6.51300e-02 1.99998e-05 1.99998e-02 0.00000e+00
150 6.61300e-02 1.99998e-05 1.99998e-02 0.00000e+00
151 6.71300e-02 1.99998e-05 1.99998e-02 0.00000e+00
152 6.81300e-02 4.99995e-05 4.99995e-02 0.00000e+00
153 6.91300e-02 1.99998e-05 1.99998e-02 0.00000e+00
154 7.01300e-02 9.99990e-06 9.99990e-03 0.00000e+00
155 7.11300e-02 0.00000e+00 0.00000e+00 0.00000e+00
156 7.21300e-02 0.00000e+00 0.00000e+00 0.00000e+00
157 7.31300e-02 9.99990e-06 9.99990e-03 0.00000e+00
158 7.41300e-02 9.99990e-06 9.99990e-03 0.00000e+00
