# mean: 0.00005 sd: 0.00570 min: -0.02301 max: 0.02091
# histogram: nData=10001 binsize(0)=0.0010 growth=1.000
1 -2.25100e-02 9.99900e-05 9.99900e-02 0.00000e+00
2 -2.15100e-02 0.00000e+00 0.00000e+00 0.00000e+00
3 -2.05100e-02 9.99900e-05 9.99900e-02 0.00000e+00
4 -1.95100e-02 2.99970e-04 2.99970e-01 0.00000e+00
5 -1.85100e-02 1.99980e-04 1.99980e-01 0.00000e+00
6 -1.75100e-02 4.99950e-04 4.99950e-01 0.00000e+00
7 -1.65100e-02 1.39986e-03 1.39986e+00 0.00000e+00
8 -1.55100e-02 1.29987e-03 1.29987e+00 0.00000e+00
9 -1.45100e-02 2.59974e-03 2.59974e+00 0.00000e+00
10 -1.35100e-02 5.09949e-03 5.09949e+00 0.00000e+00
11 -1.25100e-02 5.69943e-03 5.69943e+00 0.00000e+00
12 -1.15100e-02 8.39916e-03 8.39916e+00 0.00000e+00
13 -1.05100e-02 1.42986e-02 1.42986e+01 0.00000e+00
14 -9.51000e-03 1.58984e-02 1.58984e+01 0.00000e+00
15 -8.51000e-03 2.17978e-02 2.17978e+01 0.00000e+00
16 -7.51000e-03 3.04970e-02 3.04970e+01 0.00000e+00
17 -6.51000e-03 3.53965e-02 3.53965e+01 0.00000e+00
18 -5.51000e-03 4.25957e-02 4.25957e+01 0.00000e+00
19 -4.51000e-03 5.31947e-02 5.31947e+01 0.00000e+00
20 -3.51000e-03 5.45945e-02 5.45945e+01 0.00000e+00
21 -2.51000e-03 6.22938e-02 6.22938e+01 0.00000e+00
22 -1.51000e-03 6.45935e-02 6.45935e+01 0.00000e+00
23 -5.10000e-04 7.14929e-02 7.14929e+01 0.00000e+00
24 4.90000e-04 7.43926e-02 7.43926e+01 0.00000e+00
25 1.49000e-03 6.81932e-02 6.81932e+01 0.00000e+00
26 2.49000e-03 6.21938e-02 6.21938e+01 0.00000e+00
27 3.49000e-03 5.99940e-02 5.99940e+01 0.00000e+00
28 4.49000e-03 4.90951e-02 4.90951e+01 0.00000e+00
29 5.49000e-03 4.67953e-02 4.67953e+01 0.00000e+00
30 6.49000e-03 3.60964e-02 3.60964e+01 0.00000e+00
31 7.49000e-03 2.98970e-02 2.98970e+01 0.00000e+00
32 8.49000e-03 2.12979e-02 2.12979e+01 0.00000e+00
33 9.49000e-03 1.74983e-02 1.74983e+01 0.00000e+00
34 1.04900e-02 1.53985e-02 1.53985e+01 0.00000e+00
35 1.14900e-02 1.02990e-02 1.02990e+01 0.00000e+00
36 1.24900e-02 5.09949e-03 5.09949e+00 0.00000e+00
37 1.34900e-02 4.49955e-03 4.49955e+00 0.00000e+00
38 1.44900e-02 2.59974e-03 2.59974e+00 0.00000e+00
39 1.54900e-02 1.59984e-03 1.59984e+00 0.00000e+00
40 1.64900e-02 1.29987e-03 1.29987e+00 0.00000e+00
41 1.74900e-02 2.99970e-04 2.99970e-01 0.00000e+00
42 1.84900e-02 5.99940e-04 5.99940e-01 0.00000e+00
43 1.94900e-02 9.99900e-05 9.99900e-02 0.00000e+00
44 2.04900e-02 2.99970e-04 2.99970e-01 0.00000e+00
